Conversion of an object of class 'genind' into a GENEPOP file with the package 'graph4lg'            
FCA032, FCA075, FCA096, FCA100, FCA124, FCA126, FCA132, FCA208, FCA212, FCA225, FCA229, FCA275 
Pop            
1_MXJAG01, 196196 115115 191193 116116 123123 152156 171175 309311 106106 237237 170170 133133
1_MXJAG02, 192192 111127 181181 116116 123125 152156 171175 305305 104104 237241 162168 123129
1_MXJAG03, 196198 111125 181181 116116 125127 152156 171171 305305 104104 237241 162162 123133
1_MXJAG04, 192198 111115 191193 116116 123123 156156 171175 311315 104106 231237 166168 123133
1_MXJAG05, 000000 115125 000000 116116 123127 156156 171171 000000 104104 000000 168168 133133
1_MXJAG06, 192196 115127 193197 108114 123127 156156 000000 000000 000000 000000 168168 123133
1_MXJAG07, 196196 125125 181193 116116 125127 156156 000000 305311 104104 229233 000000 133133
Pop            
2_GTAJAG01, 196200 123127 197197 106112 125125 154156 171171 305315 104106 237237 168168 123133
2_GTAJAG02, 194200 117123 191197 106108 123125 154156 171171 315319 104106 227237 168168 123129
2_GTAJAG03, 192200 123127 191197 112112 123125 154156 171171 299301 104106 227227 162168 123129
2_GTAJAG04, 198200 117127 195197 108112 123125 156156 171171 305315 104106 227237 162168 123133
2_GTAJAG05, 192198 115127 191197 108114 000000 000000 171171 315315 106106 227237 000000 123129
2_GTAJAG06, 200200 117127 197197 106108 000000 154156 171171 301305 106106 227227 166168 133133
2_GTAJAG07, 198200 125125 181191 108108 125127 156156 171173 315315 106106 237241 162168 123133
2_GTAJAG08, 192200 115123 191191 108112 127129 154156 171171 305305 104106 000000 164168 123133
2_GTAJAG09, 196200 123123 175191 108112 123127 156156 171171 305305 104106 237237 162168 129133
2_GTAJAG10, 198200 111111 197197 108112 121123 156160 171171 305305 104106 237237 162168 133133
2_GTAJAG11, 196198 123127 193197 108112 125125 154156 171173 305315 104104 237237 162170 129133
2_GTAJAG12, 196196 117123 000000 108112 000000 156156 171173 000000 104106 000000 000000 000000
2_GTAJAG13, 198200 115125 181191 106108 123127 156160 171171 305315 104106 227241 166170 133133
2_GTAJAG14, 196198 111127 181197 112112 123125 156160 171171 313315 106106 227237 160162 123123
2_GTAJAG15, 000000 103111 191197 000000 123125 156156 000000 000000 106106 000000 166166 123133
Pop            
3_BZJ01, 198198 123123 191193 106106 127127 156160 171171 305305 104106 231237 166170 123123
3_BZJ02, 200200 117117 191191 108108 125127 150156 171171 301319 106106 227227 162168 123129
3_BZJ03, 198200 115121 191197 112112 123127 152156 171171 301315 104106 237241 162168 123123
3_BZJ04, 198198 117125 191191 108110 123123 160160 171173 305319 104106 237237 162168 123133
3_BZJ05, 198198 127127 191197 108108 127127 154156 171173 305319 106106 237237 162166 133133
3_BZJ06, 200200 115115 191197 108112 125125 150154 171171 301305 106106 237237 168168 129129
3_BZJ07, 198198 115121 191197 108112 125125 156156 171171 305319 104104 241241 168168 123123
3_BZJ08, 196196 123123 000000 108112 123127 150156 171171 000000 106106 000000 166170 129129
3_BZJ09, 192198 115115 181185 108108 125127 152156 171171 309315 104104 227237 162170 123129
3_BZJ10, 198200 115121 191191 108108 125125 150156 171171 301313 106106 237237 166168 123133
3_BZJ11, 200200 121123 193197 112112 127127 152156 171171 301305 104106 231237 168170 133133
3_BZJ12, 192200 113117 181191 108112 125125 156156 171171 301319 104106 237241 162168 123133
3_BZJ13, 200200 115123 191193 108108 125125 150156 171171 305309 106106 237237 162168 123133
3_BZJ14, 196200 117127 191197 112112 125127 150156 171171 301305 106106 227231 162166 123129
3_BZJ15, 198200 111117 181197 108112 127127 152156 171171 315319 106106 231237 160162 129129
3_BZJ16, 200200 103123 195197 106112 123123 150160 171171 305305 106106 237237 162166 123133
3_BZJ17, 198200 111123 181193 112114 127127 152156 171171 305315 106106 231231 162170 129133
3_BZJ18, 198200 123127 193193 106108 123127 156156 171171 305315 106106 237237 170170 123123
3_BZJ19, 198200 115115 191197 112114 123127 152156 171171 313319 106106 231237 166168 123129
3_BZJ20, 198200 123123 000000 108112 125127 152156 171171 000000 104106 000000 166168 133133
3_BZJ21, 200200 105111 191197 112112 125127 150160 171171 301313 106106 237237 168168 123123
3_BZJ22, 196198 111127 000000 108112 125125 000000 171171 000000 104106 000000 000000 123133
3_BZJ23, 192200 117117 193193 108112 123125 152156 171171 000000 106106 231237 000000 123133
3_BZJ24, 196198 123123 191193 112112 123127 156160 171171 000000 106106 000000 162162 129129
3_BZJ25, 192200 115115 193193 108112 125125 154154 171171 301305 106106 227237 166168 133133
3_BZJ26, 196200 123123 193197 114114 123125 156160 171171 305319 106106 231237 162166 123129
3_BZJ27, 198200 117117 197197 108112 125127 154156 171171 315319 106106 227237 162170 133133
3_BZJ28, 196200 121127 197197 108108 127127 150156 171171 315319 106106 231237 168168 123133
3_BZJ29, 200200 117117 185197 108112 127127 156160 171171 000000 106106 237237 168168 123129
3_BZJ30, 198200 115123 181197 106108 125125 156156 171171 315315 106106 237237 162166 123123
3_BZJ31, 200200 117121 197197 108112 125127 156156 171171 317319 106106 231237 166168 123123
3_BZJ32, 200200 111117 191197 112112 000000 000000 171171 000000 106106 000000 162162 123129
3_BZJ33, 196200 111123 191193 108112 123127 150152 171171 301305 104104 231237 162162 123133
3_BZJ34, 196198 103111 191193 108112 123127 156156 171173 305305 106106 227237 162170 133133
3_BZJ35, 198198 127127 191197 108108 123127 150150 171171 305319 104106 227237 168168 123129
3_BZJ36, 198198 115127 181197 108108 125125 150156 171171 305315 106106 227227 162168 123123
3_BZJ37, 200200 115121 191197 108112 125127 150156 171171 305315 000000 237237 162168 123133
3_BZJ38, 196200 121127 191197 108112 125125 150156 171171 305313 106106 237237 168168 133133
3_BZJ39, 200200 111115 191193 112112 121125 154156 171171 305315 106106 231241 168168 123129
3_BZJ40, 200200 115127 191191 112112 127127 150158 171171 301301 106106 237237 168168 123123
3_BZJ41, 198198 111111 193197 112112 123125 154156 171171 305315 106106 227227 164164 123133
3_BZJ42, 200200 117127 191197 108112 123125 152154 171171 301305 106106 237241 168168 129133
3_BZJ43, 198200 115123 181191 112112 123125 154156 171171 305309 106106 227237 164170 133133
3_BZJ44, 192198 127127 000000 108108 123127 156160 171173 301305 106106 000000 166166 129133
3_BZJ45, 192200 000000 000000 106112 123125 000000 171171 301301 106106 000000 166166 000000
3_BZJ46, 190192 115125 181197 108108 125127 156160 171171 301315 106106 000000 162168 133133
3_BZJ47, 198200 115123 181197 108112 123125 156160 000000 000000 106106 231237 168168 123133
3_BZJ48, 200200 115125 181191 112112 123125 156160 171171 301319 106106 237237 000000 000000
3_BZJ49, 198200 125125 191197 112112 127127 160160 000000 305305 104104 237237 162166 123133
3_BZJ50, 200200 123123 191193 108112 125127 156156 000000 305319 106106 227237 166166 000000
Pop            
4_HONJAG01, 196198 111115 191195 106112 125127 156160 153165 305315 106106 227237 166166 123125
4_HONJAG02, 196200 111117 181181 112112 125131 156156 171171 319319 104106 227237 162174 133133
4_HONJAG03, 192196 111111 181181 112112 125125 160160 171171 317319 104104 227227 166166 129129
4_HONJAG04, 196198 111115 181191 106112 121123 152156 167171 301309 104106 241243 162168 133133
4_HONJAG05, 196196 111115 000000 106112 125127 152156 165171 000000 106106 000000 000000 000000
4_HONJAG06, 196196 111115 181181 106112 125129 152156 171171 305319 104106 227237 166174 133133
4_HONJAG07, 194196 111111 181197 112112 125125 156160 171171 301315 104106 227237 168168 123129
Pop            
5_CRJAG01, 198200 111117 191197 106112 123127 154156 167171 305305 104106 227239 166166 125125
5_CRJAG02, 196200 111123 191193 106106 125125 152154 167171 301305 106106 231239 162166 123125
5_CRJAG03, 194196 113115 191191 106112 127127 152154 165171 309315 104104 227237 162168 123133
5_CRJAG04, 194198 113115 181181 106114 125127 152154 165171 311319 104106 231239 162170 123125
5_CRJAG05, 198200 111117 181191 106108 121127 152154 165171 305309 104106 239239 166168 123133
5_CRJAG06, 000000 115115 000000 106106 000000 152156 171171 313319 104104 000000 166166 123123
5_CRJAG07, 196196 115117 185191 106112 121125 156156 167171 309309 104104 227227 166166 125133
5_CRJAG08, 192198 121123 193197 106106 125129 156156 171171 305305 104106 000000 166168 123123
5_CRJAG09, 000000 117117 191191 108110 000000 152156 171171 317319 104106 227237 166166 123123
5_CRJAG10, 000000 111113 000000 000000 000000 152154 161169 307309 104106 000000 164166 000000
5_CRJAG11, 000000 115115 191191 000000 000000 000000 171171 309317 104104 237239 166168 123123
5_CRJAG12, 198200 111115 181185 000000 125125 152152 167171 000000 106106 000000 162168 123125
5_CRJAG13, 000000 000000 000000 000000 000000 000000 167171 309319 104106 237239 154166 123123
5_CRJAG14, 196196 109115 185185 106112 123125 156156 167171 309309 104104 231237 166166 125125
5_CRJAG15, 196198 111113 191193 108112 125127 156156 153171 305309 104110 231237 170174 123123
5_CRJAG16, 000000 115115 185185 000000 119121 152156 000000 297303 104106 237237 000000 123133
5_CRJAG17, 198198 111115 181191 000000 125125 156156 165171 305309 104110 231231 166174 123123
5_CRJAG18, 192196 113113 189195 000000 000000 000000 000000 301303 000000 225235 000000 000000
5_CRJAG19, 196196 111115 189195 000000 000000 000000 171171 301301 104104 227239 164166 123123
5_CRJAG20, 196198 111115 191191 106112 125125 152156 171171 305309 104104 231237 162166 123123
5_CRJAG21, 196196 113115 191193 106112 125125 156156 171171 305305 104104 231235 166170 123125
5_CRJAG22, 192198 117117 185197 106106 127129 152152 171171 305311 104104 231237 166166 123133
5_CRJAG23, 196196 115117 185191 106106 123125 154156 167171 309309 104104 227241 166166 123123
5_CRJAG24, 198198 111115 181181 106106 123125 152154 165165 311319 104106 237239 162166 123123
5_CRJAG25, 196200 113115 191197 106106 121129 160160 171171 305305 104104 227241 166166 123133
5_CRJAG26, 196198 115123 191191 106106 125125 152156 171171 305315 104106 231237 166166 123133
5_CRJAG27, 000000 111113 000000 000000 000000 152156 165171 305309 104106 231231 166170 123125
5_CRJAG28, 196198 117117 191191 112112 125125 156156 167171 309309 104104 239241 166166 123133
5_CRJAG29, 198204 115115 185185 112112 125125 000000 171171 305309 104104 231231 000000 123125
5_CRJAG30, 196200 115121 185191 106112 127127 152154 165171 309311 104106 237239 164168 123125
5_CRJAG31, 194196 115123 191197 106112 127127 152154 171171 305311 104106 237239 162168 125133
5_CRJAG32, 196196 115117 185191 106112 125125 156156 171171 309311 104106 000000 166166 125125
5_CRJAG33, 000000 115117 193193 106106 125127 152156 171171 000000 104104 000000 166168 125133
5_CRJAG34, 000000 115117 000000 106106 125125 000000 153165 000000 104106 000000 000000 125133
5_CRJAG35, 198198 115115 185191 106106 125125 152156 165171 305311 104106 237241 164166 123125
5_CRJAG36, 196196 113115 000000 000000 125127 156156 000000 303305 104106 000000 166170 000000
